iB1 iB2 iB3 iB4 iB5 iB6 iB7
-7,104642 -12,157593 0,098474 0,637830 4,426289 3,886933 0,528187
-5,719328 -11,474310 0,100976 0,931446 5,063889 4,233419 0,590117
-4,275198 -10,715925 0,102263 1,226900 5,691854 4,567217 0,646611
-2,785380 -9,889499 0,102291 1,522055 6,304727 4,884964 0,697100
-1,263640 -9,002766 0,101036 1,814704 6,896999 5,183331 0,741091
0,275802 -8,064035 0,098489 2,102595 7,463169 5,459063 0,778179
1,818457 -7,082079 0,094664 2,383455 7,997825 5,709034 0,808046
3,349752 -6,066022 0,089593 2,655022 8,495712 5,930283 0,830470
4,855227 -5,025219 0,083324 2,915064 8,951800 6,120060 0,845322
6,320723 -3,969135 0,075927 3,161417 9,361356 6,275866 0,852575
7,732565 -2,907225 0,067487 3,392000 9,720006 6,395494 0,852297
9,077746 -1,848810 0,058104 3,604849 10,023800 6,477055 0,844652
10,344087 -0,802963 0,047895 3,798138 10,269261 6,519018 0,829894
11,520404 0,221607 0,036988 3,970204 10,453440 6,520224 0,808369
12,596640 1,216660 0,025522 4,119563 10,573957 6,479917 0,780501
13,563996 2,174524 0,013644 4,244932 10,629038 6,397750 0,746790
14,415037 3,088187 0,001509 4,345248 10,617538 6,273799 0,707803
15,143775 3,951369 -0,010726 4,419674 10,538966 6,108566 0,664165
15,745737 4,758597 -0,022898 4,467615 10,393492 5,902978 0,616547
16,218008 5,505252 -0,034850 4,488722 10,181947 5,658375 0,565658
16,559248 6,187616 -0,046424 4,482899 9,905822 5,376500 0,512234
16,769695 6,802894 -0,057467 4,450298 9,567244 5,059478 0,457024
16,851130 7,349230 -0,067838 4,391324 9,168956 4,709794 0,400782
16,806839 7,825702 -0,077400 4,306623 8,714284 4,330260 0,344253
16,641535 8,232312 -0,086032 4,197075 8,207092 3,923986 0,288163
16,361273 8,569947 -0,093624 4,063782 7,651742 3,494336 0,233208
15,973336 8,840346 -0,100083 3,908052 7,053030 3,044895 0,180042
15,486115 9,046039 -0,105331 3,731385 6,416134 2,579418 0,129273
14,908962 9,190281 -0,109308 3,535449 5,746543 2,101786 0,081447
14,252041 9,276975 -0,111973 3,322058 5,049994 1,615963 0,037045
13,526158 9,310590 -0,113305 3,093154 4,332397 1,125938 -0,003524
12,742593 9,296059 -0,113299 2,850775 3,599762 0,635688 -0,039929
11,912921 9,238690 -0,111973 2,597033 2,858126 0,149121 -0,071922
11,048835 9,144053 -0,109362 2,334087 2,113481 -0,329967 -0,099338
10,161962 9,017881 -0,105519 2,064115 1,371698 -0,797936 -0,122098
9,263692 8,865957 -0,100517 1,789290 0,638462 -1,251345 -0,140210
8,365009 8,694013 -0,094442 1,511751 -0,080797 -1,686990 -0,153765
7,476325 8,507622 -0,087397 1,233578 -0,780964 -2,101939 -0,162935
6,607338 8,312100 -0,079498 0,956771 -1,457295 -2,493565 -0,167969
5,766889 8,112417 -0,070872 0,683227 -2,105469 -2,859568 -0,169187
4,962847 7,913105 -0,061656 0,414717 -2,721626 -3,197999 -0,166976
4,202004 7,718183 -0,051993 0,152872 -3,302410 -3,507275 -0,161776
3,489991 7,531094 -0,042031 -0,100835 -3,844992 -3,786187 -0,154080
2,831214 7,354644 -0,031923 -0,345102 -4,347089 -4,033909 -0,144418
2,228815 7,190960 -0,021819 -0,578805 -4,806978 -4,249993 -0,133348
1,684644 7,041462 -0,011870 -0,801008 -5,223500 -4,434362 -0,121448
1,199267 6,906841 -0,002221 -1,010965 -5,596047 -4,587303 -0,109306
0,771986 6,787055 0,006990 -1,208121 -5,924557 -4,709445 -0,097503
0,400881 6,681344 0,015634 -1,392113 -6,209486 -4,801739 -0,086610
0,082878 6,588243 0,023591 -1,562760 -6,451783 -4,865432 -0,077173
-0,186171 6,505625 0,030755 -1,720059 -6,652847 -4,902034 -0,069703
-0,411380 6,430748 0,037033 -1,864171 -6,814492 -4,913289 -0,064669
-0,598722 6,360309 0,042349 -1,995411 -6,938894 -4,901133 -0,062486
-0,754885 6,290520 0,046643 -2,114234 -7,028539 -4,867662 -0,063510
-0,887140 6,217182 0,049873 -2,221211 -7,086166 -4,815082 -0,068029
-1,003178 6,135775 0,052013 -2,317019 -7,114708 -4,745676 -0,076258
-1,110956 6,041554 0,053059 -2,402415 -7,117233 -4,661759 -0,088337
-1,218533 5,929641 0,053022 -2,478218 -7,096875 -4,565635 -0,104321
-1,333901 5,795133 0,051932 -2,545285 -7,056779 -4,459561 -0,124187
-1,464822 5,633203 0,049838 -2,604494 -7,000036 -4,345704 -0,147827
-1,618671 5,439202 0,046803 -2,656717 -6,929628 -4,226107 -0,175049
-1,802277 5,208767 0,042909 -2,702801 -6,848368 -4,102658 -0,205584
-2,021783 4,937910 0,038247 -2,743552 -6,758854 -3,977055 -0,239087
-2,282512 4,623120 0,032926 -2,779710 -6,663420 -3,850784 -0,275138
-2,588847 4,261443 0,027061 -2,811936 -6,564095 -3,725098 -0,313256
-2,944132 3,850561 0,020778 -2,840796 -6,462571 -3,600997 -0,352901
-3,350582 3,388862 0,014210 -2,866745 -6,360174 -3,479219 -0,393481
-3,809223 2,875496 0,007493 -2,890121 -6,257846 -3,360232 -0,434366
-4,319841 2,310422 0,000766 -2,911135 -6,156132 -3,244231 -0,474896
-4,880960 1,694437 -0,005834 -2,929861 -6,055173 -3,131146 -0,514390
-5,489841 1,029200 -0,012170 -2,946240 -5,954715 -3,020645 -0,552156
-6,142499 0,317235 -0,018112 -2,960077 -5,854116 -2,912150 -0,587507
-6,833744 -0,438076 -0,023535 -2,971042 -5,752365 -2,804858 -0,619768
-7,557242 -1,232517 -0,028325 -2,978679 -5,648111 -2,697758 -0,648288
-8,305599 -2,061073 -0,032379 -2,982410 -5,539694 -2,589663 -0,672453
-9,070460 -2,917980 -0,035604 -2,981553 -5,425184 -2,479236 -0,691692
-9,842627 -3,796785 -0,037926 -2,975327 -5,302427 -2,365026 -0,705490
-10,612195 -4,690423 -0,039281 -2,962873 -5,169093 -2,245501 -0,713398
-11,368697 -5,591301 -0,039627 -2,943270 -5,022732 -2,119089 -0,715037
-12,101261 -6,491391 -0,038935 -2,915551 -4,860827 -1,984211 -0,710108
-12,798782 -7,382330 -0,037198 -2,878730 -4,680858 -1,839326 -0,698397
-13,450093 -8,255534 -0,034424 -2,831815 -4,480355 -1,682964 -0,679781
-14,044140 -9,102309 -0,030641 -2,773836 -4,256964 -1,513769 -0,654226
-14,570161 -9,913968 -0,025894 -2,703866 -4,008502 -1,330531 -0,621797
-15,017863 -10,681949 -0,020246 -2,621038 -3,733018 -1,132226 -0,582651
-15,377587 -11,397935 -0,013773 -2,524573 -3,428841 -0,918041 -0,537038
-15,640478 -12,053970 -0,006571 -2,413798 -3,094635 -0,687408 -0,485302
-15,798629 -12,642569 0,001254 -2,288164 -2,729442 -0,440024 -0,427873
-15,845230 -13,156827 0,009584 -2,147265 -2,332725 -0,175875 -0,365262
-15,774682 -13,590520 0,018290 -1,990853 -1,904394 0,104749 -0,298057
-15,582711 -13,938190 0,027234 -1,818854 -1,444841 0,401247 -0,226914
-15,266459 -14,195232 0,036274 -1,631375 -0,954954 0,712695 -0,152546
-14,824543 -14,357960 0,045263 -1,428717 -0,436128 1,037853 -0,075718
-14,257111 -14,423662 0,054055 -1,211378 0,109729 1,375162 0,002767
-13,565863 -14,390649 0,062503 -0,980056 0,680204 1,722764 0,082079
-12,754051 -14,258278 0,070464 -0,735650 1,272393 2,078507 0,161370
-11,826463 -14,026970 0,077800 -0,479256 1,882919 2,439975 0,239788
-10,789372 -13,698209 0,084382 -0,212161 2,507966 2,804509 0,316489
-9,650478 -13,274529 0,090091 0,064169 3,143314 3,169237 0,390645
-8,418814 -12,759481 0,094820 0,348096 3,784384 3,531109 0,461463
