uAD uAB uBE uEC uCD uL2 uC11 uC12
0,000000 64,882657 29,557907 1,333281 -95,773844 66,625197 -5,045022 -0,800062
20,073142 68,008745 30,318781 4,334802 -82,589186 65,903049 -4,979656 -0,753430
39,948508 70,522600 30,715528 7,379265 -68,668885 64,618890 -4,889730 -0,701860
59,430975 72,389611 30,734784 10,445366 -54,138788 62,763216 -4,775181 -0,645828
78,330676 73,583532 30,368715 13,510917 -39,132488 60,333769 -4,636124 -0,585857
96,465539 74,086883 29,615173 16,553086 -23,789603 57,335700 -4,472862 -0,522505
113,663697 73,891220 28,477758 19,548667 -8,253947 53,781614 -4,285887 -0,456361
129,765746 72,997270 26,965796 22,474338 7,328342 49,691513 -4,075878 -0,388038
144,626822 71,414931 25,094227 25,306940 22,810724 45,092619 -3,843703 -0,318160
158,118451 69,163128 22,883402 28,023751 38,048170 40,019093 -3,590414 -0,247362
170,130162 66,269545 20,358800 30,602756 52,899060 34,511648 -3,317239 -0,176273
180,570818 62,770212 17,550661 33,022914 67,227031 28,617063 -3,025574 -0,105517
189,369675 58,708978 14,493550 35,264411 80,902736 22,387601 -2,716974 -0,035696
196,477119 54,136868 11,225848 37,308899 93,805504 15,880348 -2,393140 0,032611
201,865099 49,111321 7,789186 39,139721 105,824870 9,156471 -2,055904 0,098856
205,527240 43,695352 4,227829 40,742110 116,861949 2,280424 -1,707213 0,162532
207,478632 37,956613 0,588014 42,103369 126,830636 -4,680912 -1,349112 0,223174
207,755303 31,966403 -3,082737 43,213018 135,658620 -11,659115 -0,983725 0,280370
206,413388 25,798617 -6,736330 44,062916 143,288185 -18,585139 -0,613235 0,333758
203,528006 19,528660 -10,324815 44,647356 149,676804 -25,390240 -0,239868 0,383037
199,191863 13,232348 -13,801108 44,963124 154,797498 -32,006905 0,134137 0,427964
193,513600 6,984800 -17,119695 45,009522 158,638973 -38,369752 0,506538 0,468360
186,615924 0,859349 -20,237312 44,788365 161,205522 -44,416414 0,875120 0,504106
178,633543 -5,073513 -23,113591 44,303943 162,516703 -50,088370 1,237711 0,535149
169,710935 -10,747144 -25,711664 43,562950 162,606793 -55,331721 1,592200 0,561494
160,000000 -16,099698 -27,998711 42,574379 161,524030 -60,097905 1,936563 0,583207
149,657618 -21,074993 -29,946442 41,349395 159,329658 -64,344320 2,268874 0,600412
138,843161 -25,623280 -31,531516 39,901175 156,096783 -68,034874 2,587324 0,613281
127,715996 -29,701921 -32,735878 38,244721 151,909073 -71,140432 2,890236 0,622039
116,433012 -33,275940 -33,547018 36,396662 146,859308 -73,639157 3,176080 0,626951
105,146222 -36,318465 -33,958140 34,375020 141,047807 -75,516748 3,443481 0,628320
94,000469 -38,811030 -33,968251 32,198978 134,580772 -76,766572 3,691231 0,626479
83,131269 -40,743755 -33,582146 29,888622 127,568548 -77,389668 3,918295 0,621787
72,662835 -42,115379 -32,810323 27,464681 120,123856 -77,394660 4,123815 0,614619
62,706304 -42,933173 -31,668792 24,948266 112,360003 -76,797538 4,307114 0,605361
53,358198 -43,212703 -30,178811 22,360600 104,389112 -75,621350 4,467699 0,594399
44,699139 -42,977478 -28,366539 19,722759 96,320396 -73,895781 4,605254 0,582119
36,792842 -42,258466 -26,262609 17,055417 88,258500 -71,656640 4,719640 0,568893
29,685399 -41,093500 -23,901641 14,378601 80,301938 -68,945265 4,810888 0,555078
23,404858 -39,526573 -21,321688 11,711464 72,541656 -65,807844 4,879192 0,541005
17,961119 -37,607051 -18,563633 9,072073 65,059730 -62,294675 4,924899 0,526975
13,346123 -35,388786 -15,670542 6,477218 57,928233 -58,459369 4,948497 0,513258
9,534354 -32,929185 -12,686992 3,942250 51,208282 -54,358010 4,950604 0,500082
6,483627 -30,288208 -9,658365 1,480930 44,949270 -50,048290 4,931954 0,487633
4,136160 -27,527342 -6,630143 -0,894672 39,188317 -45,588628 4,893381 0,476052
2,419899 -24,708553 -3,647199 -3,174273 33,949925 -41,037283 4,835806 0,465431
1,250088 -21,893237 -0,753101 -5,349426 29,245852 -36,451482 4,760220 0,455817
0,531046 -19,141181 2,010562 -7,413545 25,075210 -31,886581 4,667667 0,447204
0,158126 -16,509565 4,604821 -9,361900 21,424770 -27,395253 4,559232 0,439541
0,019824 -14,052001 6,993919 -11,191583 18,269489 -23,026737 4,436019 0,432729
0,000000 -11,817642 9,145861 -12,901444 15,573225 -18,826145 4,299143 0,426624
-0,019824 -9,850366 11,032891 -14,491998 13,289648 -14,833843 4,149709 0,421044
-0,158126 -8,188049 12,631907 -15,965309 11,363324 -11,084922 3,988806 0,415767
-0,531046 -6,861941 13,924800 -17,324851 9,730946 -7,608747 3,817486 0,410540
-1,250088 -5,896154 14,898709 -18,575348 8,322705 -4,428620 3,636762 0,405085
-2,419899 -5,307266 15,546197 -19,722596 7,063766 -1,561527 3,447594 0,399099
-4,136160 -5,104061 15,865336 -20,773269 5,875834 0,981990 3,250882 0,392268
-6,483627 -5,287383 15,859705 -21,734720 4,678771 3,197868 3,047458 0,384268
-9,534354 -5,850142 15,538297 -22,614766 3,392258 5,088441 2,838088 0,374773
-13,346123 -6,777433 14,915345 -23,421479 1,937443 6,662261 2,623462 0,363465
-17,961119 -8,046803 14,010063 -24,162966 0,238587 7,933807 2,404200 0,350036
-23,404858 -9,628630 12,846300 -24,847166 -1,775362 8,923103 2,180847 0,334198
-29,685399 -11,486632 11,452130 -25,481640 -4,169257 9,655245 1,953881 0,315689
-36,792842 -13,578481 9,859372 -26,073386 -7,000348 10,159844 1,723716 0,294279
-44,699139 -15,856524 8,103048 -26,628657 -10,317006 10,470397 1,490705 0,269775
-53,358198 -18,268593 6,220790 -27,152802 -14,157593 10,623593 1,255153 0,242027
-62,706304 -20,758887 4,252208 -27,650128 -18,549497 10,658573 1,017320 0,210933
-72,662835 -23,268928 2,238229 -28,123780 -23,508356 10,616149 0,777434 0,176439
-83,131269 -25,738558 0,220410 -28,575648 -29,037473 10,537994 0,535699 0,138548
-94,000469 -28,106964 -1,759757 -29,006302 -35,127446 10,465826 0,292308 0,097318
-105,146222 -30,313730 -3,661535 -29,414951 -41,756006 10,440587 0,047454 0,052864
-116,433012 -32,299876 -5,445623 -29,799435 -48,888079 10,501644 -0,198662 0,005359
-127,715996 -34,008885 -7,074812 -30,156236 -56,476063 10,686013 -0,445813 -0,044968
-138,843161 -35,387696 -8,514610 -30,480530 -64,460325 11,027625 -0,693743 -0,097831
-149,657618 -36,387640 -9,733819 -30,766256 -72,769903 11,556643 -0,942151 -0,152895
-160,000000 -36,965317 -10,705057 -31,006215 -81,323411 12,298853 -1,190684 -0,209770
-169,710935 -37,083386 -11,405230 -31,192199 -90,030120 13,275113 -1,438928 -0,268025
-178,633543 -36,711271 -11,815920 -31,315131 -98,791222 14,500906 -1,686399 -0,327188
-186,615924 -35,825749 -11,923706 -31,365237 -107,501232 15,985964 -1,932541 -0,386751
-193,513600 -34,411438 -11,720407 -31,332230 -116,049524 17,734008 -2,176719 -0,446178
-199,191863 -32,461152 -11,203229 -31,205511 -124,321971 19,742576 -2,418214 -0,504914
-203,528006 -29,976129 -10,374843 -30,974376 -132,202658 22,002968 -2,656226 -0,562386
-206,413388 -26,966132 -9,243354 -30,628239 -139,575662 24,500288 -2,889875 -0,618018
-207,755303 -23,449410 -7,822201 -30,156854 -146,326838 27,213600 -3,118199 -0,671233
-207,478632 -19,452522 -6,129956 -29,550538 -152,345616 30,116184 -3,340162 -0,721464
-205,527240 -15,010039 -4,190052 -28,800390 -157,526760 33,175895 -3,554660 -0,768161
-201,865099 -10,164103 -2,030422 -27,898508 -161,772066 36,355614 -3,760527 -0,810800
-196,477119 -4,963880 0,316929 -26,838188 -164,991979 39,613793 -3,956547 -0,848887
-189,369675 0,535113 2,816420 -25,614114 -167,107095 42,905073 -4,141463 -0,881968
-180,570818 6,271777 5,429453 -24,222528 -168,049520 46,180976 -4,313993 -0,909636
-170,130162 12,180291 8,115014 -22,661381 -167,764086 49,390658 -4,472839 -0,931535
-158,118451 18,191060 10,830321 -20,930460 -166,209373 52,481708 -4,616705 -0,947365
-144,626822 24,231710 13,531501 -19,031487 -163,358546 55,400975 -4,744313 -0,956891
-129,765746 30,228149 16,174285 -16,968199 -159,199982 58,095435 -4,854417 -0,959939
-113,663697 36,105646 18,714715 -14,746383 -153,737675 60,513043 -4,945821 -0,956407
-96,465539 41,789935 21,109842 -12,373900 -146,991417 62,603601 -5,017396 -0,946260
-78,330676 47,208313 23,318419 -9,860661 -138,996747 64,319590 -5,068096 -0,929536
-59,430975 52,290717 25,301562 -7,218584 -129,804669 65,616982 -5,096975 -0,906343
-39,948508 56,970774 27,023381 -4,461514 -119,481149 66,455998 -5,103200 -0,876858
-20,073142 61,186784 28,451564 -1,605111 -108,106379 66,801815 -5,086069 -0,841328
